4.200000000000000000e+01 1.823507499796354347e-01
4.200000000000000000e+01 1.753137565709695644e-01
2.000000000000000000e+00 2.801007008764309081e-01
3.500000000000000000e+01 1.682491039926481413e-01
3.200000000000000000e+01 1.381658190194352820e-01
0.000000000000000000e+00 2.209114362142598487e-01
1.000000000000000000e+00 1.527880401402622323e-01
4.200000000000000000e+01 1.793231679089815622e-01
4.200000000000000000e+01 1.726000968977126349e-01
2.000000000000000000e+00 2.430019579600143365e-01
3.500000000000000000e+01 1.809343185543712818e-01
3.200000000000000000e+01 1.481232215751381309e-01
0.000000000000000000e+00 2.242104082176649138e-01
1.000000000000000000e+00 1.703442834180924070e-01
4.200000000000000000e+01 1.812872480933887254e-01
4.200000000000000000e+01 1.729009205457584797e-01
4.500000000000000000e+01 1.064443431657644962e-01
3.500000000000000000e+01 1.700093121108736394e-01
3.200000000000000000e+01 1.470303056008163967e-01
0.000000000000000000e+00 2.225252323983663294e-01
1.000000000000000000e+00 1.486091849094339779e-01
4.200000000000000000e+01 1.840359610587527783e-01
4.200000000000000000e+01 1.728742514550352938e-01
4.500000000000000000e+01 1.062336256839050974e-01
3.500000000000000000e+01 1.792764850319837344e-01
0.000000000000000000e+00 2.208263076225983057e-01
3.200000000000000000e+01 1.397813267240030355e-01
1.000000000000000000e+00 1.498375959205693331e-01
4.200000000000000000e+01 1.814067412127855217e-01
4.200000000000000000e+01 1.710270913810904569e-01
2.000000000000000000e+00 2.486355200693065870e-01
3.500000000000000000e+01 1.717597912592575826e-01
3.200000000000000000e+01 1.461848734223598067e-01
0.000000000000000000e+00 2.207112594392127425e-01
4.200000000000000000e+01 1.869792765440039528e-01
4.200000000000000000e+01 1.709118985142958069e-01
2.000000000000000000e+00 2.730917538798801614e-01
3.500000000000000000e+01 1.795776898735061688e-01
3.200000000000000000e+01 1.502034050440380075e-01
0.000000000000000000e+00 2.161122028405828011e-01
1.000000000000000000e+00 1.583430603450723673e-01
1.900000000000000000e+01 3.333763123566127473e-01
4.900000000000000000e+01 2.483191622639980001e-01
1.600000000000000000e+01 2.695948546695596248e-01
2.500000000000000000e+01 1.930231563818489982e-01
4.300000000000000000e+01 2.064279795301546261e-01
2.000000000000000000e+01 1.162387420528470106e-01
2.000000000000000000e+00 2.554548774832431368e-01
1.600000000000000000e+01 2.571054940595634553e-01
4.700000000000000000e+01 4.768203939664365093e-02
3.000000000000000000e+00 4.211339410350943280e-01
4.300000000000000000e+01 1.570518352669958706e-01
4.300000000000000000e+01 1.007126457283193666e-01
5.000000000000000000e+00 6.893512106112624493e-02
3.700000000000000000e+01 1.582856995907968856e-01
2.000000000000000000e+01 1.160301539386214970e-01
2.000000000000000000e+01 1.062678495758977021e-01
3.000000000000000000e+00 9.175310801631018920e-02
4.700000000000000000e+01 4.788196427642386899e-02
1.900000000000000000e+01 2.158904715933140650e-01
3.000000000000000000e+00 1.001197444451420310e-01
5.000000000000000000e+00 1.300979228175496161e-01
4.200000000000000000e+01 1.661190156325454970e-01
4.200000000000000000e+01 4.168921701448565220e-01
4.200000000000000000e+01 6.026530832776115787e-01
1.500000000000000000e+01 3.230527470257212874e-01
4.200000000000000000e+01 1.261069428408449211e-01
4.700000000000000000e+01 4.974393557446907949e-02
3.000000000000000000e+00 2.348471266940540814e-01
4.200000000000000000e+01 1.456256453331496448e-01
3.700000000000000000e+01 1.538304928762001533e-01
2.300000000000000000e+01 5.733169729700289541e-02
4.900000000000000000e+01 3.302160580431195980e-01
2.000000000000000000e+01 1.369749009385698713e-01
2.300000000000000000e+01 4.008288412256629657e-02
4.000000000000000000e+01 2.148643550798607638e-01
3.100000000000000000e+01 1.053715541321662841e-01
5.000000000000000000e+00 1.874908294397696074e-01
3.000000000000000000e+00 8.068808613352211612e-02
3.100000000000000000e+01 1.255702022696671138e-01
3.100000000000000000e+01 9.727066555066962716e-02
1.500000000000000000e+01 1.154690718020180695e-01
1.600000000000000000e+01 1.811201463204034079e-01
2.900000000000000000e+01 6.736774759686406377e-02
4.200000000000000000e+01 1.489732876107066617e-01
2.600000000000000000e+01 1.084030047569402022e-01
4.200000000000000000e+01 9.606664568069196719e-02
1.900000000000000000e+01 2.603123582427328553e-01
9.000000000000000000e+00 2.694759646986679691e-01
1.300000000000000000e+01 1.283086649473019203e-01
3.700000000000000000e+01 1.785776843190036711e-01
3.700000000000000000e+01 1.429195571911077711e-01
3.500000000000000000e+01 8.766829794022604205e-02
4.200000000000000000e+01 1.958115855091779600e-01
4.200000000000000000e+01 1.353916693687939043e-01
1.900000000000000000e+01 1.919888454470593808e-01
4.400000000000000000e+01 6.190788555753172495e-02
3.000000000000000000e+00 1.786751682406097219e-01
3.000000000000000000e+00 1.667502227203492282e-01
4.200000000000000000e+01 1.058971849568926121e-01
2.000000000000000000e+00 1.751801335845638019e-01
9.000000000000000000e+00 7.320574116828283684e-02
6.000000000000000000e+00 1.158883387338865562e-01
3.000000000000000000e+00 1.575779330773421916e-01
4.200000000000000000e+01 9.567433830577816434e-02
1.700000000000000000e+01 1.656630350735487367e-01
4.600000000000000000e+01 9.192576085619202919e-02
4.200000000000000000e+01 6.320081593077161441e-01
4.100000000000000000e+01 1.254206653668156479e-01
2.500000000000000000e+01 5.499800996030758393e-02
3.000000000000000000e+01 9.266344302211515505e-02
4.200000000000000000e+01 9.187803032843518125e-02
4.200000000000000000e+01 1.605902835037288368e-01
1.400000000000000000e+01 1.778918159409371424e-01
2.600000000000000000e+01 4.117115947649000601e-02
0.000000000000000000e+00 1.531868597557679013e-01
4.200000000000000000e+01 5.646539241844470425e-01
2.400000000000000000e+01 1.837797384069793372e-01
1.300000000000000000e+01 1.587248888905986033e-01
1.900000000000000000e+01 1.995972626839023489e-01
4.200000000000000000e+01 1.467942061881175042e-01
4.300000000000000000e+01 1.464826444752614365e-01
4.600000000000000000e+01 1.002853951167055196e-01
4.200000000000000000e+01 1.334413771887510702e-01
2.000000000000000000e+00 1.432092605759818227e-01
3.000000000000000000e+00 1.613205181881016415e-01
4.200000000000000000e+01 1.579318724767450888e-01
2.900000000000000000e+01 5.969630285879178044e-02
3.700000000000000000e+01 8.831754959236477742e-02
4.200000000000000000e+01 8.874085223235814168e-02
1.200000000000000000e+01 2.457291148090283775e-02
4.200000000000000000e+01 1.604275248554853650e-01
4.200000000000000000e+01 2.779637498622369862e-01
1.200000000000000000e+01 4.613070494304655211e-02
1.700000000000000000e+01 1.511618456809949440e-01
1.700000000000000000e+01 1.031765970058533544e-01
1.400000000000000000e+01 1.543645996880362026e-01
3.000000000000000000e+00 1.242024288778138252e-01
6.000000000000000000e+00 2.049525740738525337e-01
4.200000000000000000e+01 3.120050762994133753e-01
1.200000000000000000e+01 9.906293368478082118e-02
4.200000000000000000e+01 3.286651221391627686e-01
3.300000000000000000e+01 1.349138916156559509e-01
3.000000000000000000e+00 9.438522247137956511e-02
3.000000000000000000e+01 9.020486735181552918e-02
3.000000000000000000e+00 1.064451874767943507e-01
3.000000000000000000e+00 1.637030210247687467e-01
0.000000000000000000e+00 1.015206574663104766e-01
2.900000000000000000e+01 1.721834989964466101e-01
8.000000000000000000e+00 2.727824113220409519e-01
3.000000000000000000e+01 1.432955849774006640e-01
2.900000000000000000e+01 2.030963184832743906e-01
4.200000000000000000e+01 3.131385467562524672e-01
1.100000000000000000e+01 4.836637065962130777e-02
0.000000000000000000e+00 1.377727621947880121e-01
4.000000000000000000e+00 2.636652823122128120e-01
1.700000000000000000e+01 9.183934303079663297e-02
4.000000000000000000e+01 2.540399709610580703e-01
3.700000000000000000e+01 1.472186684244160548e-01
1.400000000000000000e+01 2.047369105446869286e-01
2.300000000000000000e+01 2.164711012036054927e-01
1.700000000000000000e+01 9.887252862073382664e-02
2.700000000000000000e+01 1.753539671899549679e-01
0.000000000000000000e+00 1.028107590757588868e-01
3.100000000000000000e+01 2.202575423668925170e-01
3.000000000000000000e+00 1.159587114776673838e-01
1.000000000000000000e+01 1.185010048814094247e-01
6.000000000000000000e+00 1.231157200309853650e-01
3.000000000000000000e+00 1.623048210885216502e-01
3.000000000000000000e+00 8.239942907878579359e-02
4.200000000000000000e+01 1.054564423412263363e-01
3.500000000000000000e+01 1.023296686644039194e-01
0.000000000000000000e+00 9.621190784476983671e-02
3.300000000000000000e+01 6.457545829605434995e-02
1.800000000000000000e+01 2.964492189475193551e-01
4.200000000000000000e+01 1.530594542428928562e-01
6.000000000000000000e+00 1.042406498411136556e-01
3.400000000000000000e+01 1.945871034654393095e-01
4.000000000000000000e+01 2.310663460769586675e-01
0.000000000000000000e+00 1.632698739937236687e-01
4.200000000000000000e+01 1.895581896298415558e-01
0.000000000000000000e+00 9.460954835992130274e-02
0.000000000000000000e+00 1.664197548716677133e-01
4.900000000000000000e+01 2.654136834980979076e-01
4.800000000000000000e+01 1.236746403991565574e-01
3.000000000000000000e+00 1.097014112792694257e-01
0.000000000000000000e+00 1.592576116096260097e-01
3.500000000000000000e+01 1.044956619976342149e-01
1.300000000000000000e+01 2.174448252115270541e-01
1.000000000000000000e+01 1.062787597450717825e-01
0.000000000000000000e+00 5.043073009164669163e-01
1.000000000000000000e+01 5.718298257061920492e-02
4.200000000000000000e+01 3.296739415592030431e-01
0.000000000000000000e+00 5.486366264451771890e-01
4.200000000000000000e+01 1.833868350645589673e-01
1.000000000000000000e+01 1.112004458201475143e-01
1.000000000000000000e+00 1.653301380510615315e-01
4.200000000000000000e+01 1.144568754464770771e-01
4.700000000000000000e+01 7.201114784223155985e-02
4.200000000000000000e+01 1.130142824607685281e-01
0.000000000000000000e+00 8.420173651851123320e-02
4.000000000000000000e+00 1.211660058085675812e-01
4.200000000000000000e+01 2.621353473986748339e-01
0.000000000000000000e+00 1.370337635935676146e-01
4.200000000000000000e+01 1.586022967925955485e-01
4.200000000000000000e+01 2.908200020467306968e-01
3.600000000000000000e+01 3.875031265860789942e-02
3.500000000000000000e+01 1.013255451394059481e-01
1.700000000000000000e+01 2.478980844350622825e-01
6.000000000000000000e+00 1.691339683973217822e-01
3.600000000000000000e+01 4.778527869469831324e-02
2.200000000000000000e+01 2.494299200179760784e-02
0.000000000000000000e+00 1.071633118014043706e-01
3.000000000000000000e+00 9.692580905074049680e-02
0.000000000000000000e+00 1.217973212123459048e-01
1.800000000000000000e+01 2.582863466232572236e-01
4.200000000000000000e+01 1.957594531718676034e-01
2.400000000000000000e+01 5.388168423299469906e-02
0.000000000000000000e+00 9.227705179782255684e-02
3.000000000000000000e+01 1.301907522612514301e-01
0.000000000000000000e+00 1.333372122936894166e-01
3.000000000000000000e+00 9.922952223414394091e-02
0.000000000000000000e+00 8.857856690752297091e-02
1.300000000000000000e+01 2.876424433678972381e-01
1.700000000000000000e+01 2.295806709129025180e-01
3.800000000000000000e+01 2.217482697744070086e-01
0.000000000000000000e+00 2.049576200410996585e-01
4.200000000000000000e+01 1.811125984213999007e-01
2.200000000000000000e+01 3.966969730528048521e-03
4.500000000000000000e+01 1.979606829719658123e-01
4.000000000000000000e+00 2.186057465169354008e-01
3.000000000000000000e+00 2.646890058219337205e-01
4.900000000000000000e+01 2.655951646247446396e-01
4.200000000000000000e+01 1.543062052989805089e-01
3.500000000000000000e+01 5.312332837173483480e-02
4.200000000000000000e+01 5.754085435913017799e-01
4.800000000000000000e+01 1.556791303455043185e-01
2.100000000000000000e+01 1.730902792190046335e-02
4.200000000000000000e+01 1.558736510701755618e-01
3.100000000000000000e+01 1.273506718576818131e-01
3.000000000000000000e+00 1.598512366454493405e-01
4.800000000000000000e+01 1.582406772836267295e-01
4.200000000000000000e+01 1.881437123986756110e-01
2.100000000000000000e+01 1.008052288454015372e-01
1.800000000000000000e+01 1.600901622454400375e-01
4.200000000000000000e+01 2.065847508087186590e-01
3.200000000000000000e+01 4.733475325460954897e-02
1.800000000000000000e+01 1.494599687095907736e-01
1.900000000000000000e+01 3.362604276323157282e-01
4.900000000000000000e+01 2.550642514391761040e-01
2.500000000000000000e+01 2.137947803661289503e-01
1.600000000000000000e+01 2.666790369321324627e-01
4.300000000000000000e+01 2.103824017087048415e-01
2.000000000000000000e+01 3.921330768233309561e-02
2.000000000000000000e+00 8.773253184399956717e-02
1.600000000000000000e+01 2.855145220905909720e-01
4.700000000000000000e+01 4.331453747274965210e-02
3.000000000000000000e+00 4.210531973151965812e-01
4.300000000000000000e+01 1.584517323616440043e-01
4.300000000000000000e+01 9.834031677551093031e-02
1.900000000000000000e+01 1.524323315048075611e-01
3.000000000000000000e+00 8.121244940070901364e-02
5.000000000000000000e+00 6.721922201995850221e-02
4.700000000000000000e+01 4.659338774011852896e-02
3.000000000000000000e+00 1.005381746330098330e-01
2.000000000000000000e+01 1.084199956307839025e-01
2.000000000000000000e+01 1.158830506193409965e-01
1.900000000000000000e+01 2.147771697373950239e-01
4.700000000000000000e+01 4.729581245925105343e-02
5.000000000000000000e+00 1.300745488071456679e-01
4.200000000000000000e+01 1.460579020273041484e-01
4.200000000000000000e+01 9.196831203968006130e-02
1.500000000000000000e+01 3.249337370604438169e-01
4.900000000000000000e+01 2.942471450988490278e-01
4.300000000000000000e+01 7.334407622441330155e-02
4.200000000000000000e+01 1.287502650566413331e-01
3.000000000000000000e+00 1.819318516052919610e-01
4.200000000000000000e+01 1.488952227400805461e-01
2.300000000000000000e+01 2.059550668953031016e-01
1.900000000000000000e+01 3.231783149196550409e-01
4.900000000000000000e+01 3.022156847863343709e-01
2.000000000000000000e+01 1.355072463297381791e-01
2.300000000000000000e+01 2.600720036272147900e-02
3.100000000000000000e+01 1.059440984484929932e-01
2.500000000000000000e+01 1.324521230166894603e-01
5.000000000000000000e+00 1.899183505443830244e-01
4.200000000000000000e+01 2.201585025913941895e-01
1.900000000000000000e+01 1.615158463986803294e-01
1.500000000000000000e+01 1.171465329239942954e-01
3.100000000000000000e+01 9.646159817159334626e-02
2.600000000000000000e+01 1.067658086564128861e-01
2.900000000000000000e+01 8.104020479636121765e-02
3.000000000000000000e+01 1.380420185942020372e-01
3.700000000000000000e+01 1.830917404482048927e-01
4.200000000000000000e+01 1.522272251822719968e-01
1.900000000000000000e+01 1.347851620724724031e-01
2.500000000000000000e+01 2.196572872041648028e-01
4.200000000000000000e+01 9.428990123225490516e-02
1.300000000000000000e+01 1.280665957797877952e-01
1.900000000000000000e+01 2.601165283317188326e-01
1.900000000000000000e+01 3.185732360312272249e-01
4.200000000000000000e+01 1.261333205153561121e-01
3.000000000000000000e+00 1.115885195079711206e-01
3.000000000000000000e+00 1.550580282543892185e-01
4.400000000000000000e+01 6.301644428607079684e-02
3.500000000000000000e+01 8.588398691959976683e-02
2.600000000000000000e+01 4.122162086206157539e-02
4.200000000000000000e+01 1.670853422832988544e-01
3.000000000000000000e+00 2.305231385389152621e-01
1.600000000000000000e+01 9.668494634319825531e-02
2.000000000000000000e+00 1.735041253833517483e-01
1.900000000000000000e+01 1.969551428357592116e-01
4.200000000000000000e+01 9.528497859870829756e-02
6.000000000000000000e+00 1.174374921288001972e-01
7.000000000000000000e+00 9.567096009894926478e-02
3.000000000000000000e+00 1.642761558535484612e-01
4.600000000000000000e+01 8.330302064754670222e-02
4.200000000000000000e+01 1.100384736296534660e-01
4.200000000000000000e+01 9.396475878892292244e-02
4.200000000000000000e+01 9.129433781150661509e-02
0.000000000000000000e+00 1.456441669547646200e-01
2.600000000000000000e+01 4.086686345339043264e-02
4.200000000000000000e+01 1.698313301854098012e-01
4.100000000000000000e+01 1.263465666884932281e-01
4.300000000000000000e+01 1.441170998633465872e-01
1.700000000000000000e+01 1.644624880476825701e-01
1.400000000000000000e+01 5.963508546582112907e-02
1.900000000000000000e+01 1.964371678235415919e-01
0.000000000000000000e+00 1.620090968297568934e-01
2.500000000000000000e+01 1.791794365279766876e-01
4.200000000000000000e+01 1.183449747697406240e-01
2.000000000000000000e+00 1.222365691950843269e-01
1.700000000000000000e+01 1.028663150466657544e-01
2.400000000000000000e+01 1.766055550662065099e-01
4.600000000000000000e+01 1.066280698449402070e-01
1.700000000000000000e+01 1.507169049242220726e-01
3.000000000000000000e+01 9.603450524510531716e-02
1.400000000000000000e+01 2.415834155112115134e-01
4.200000000000000000e+01 3.333129886706081568e-01
8.000000000000000000e+00 3.931376197426936780e-01
2.900000000000000000e+01 5.804978971768327140e-02
4.200000000000000000e+01 1.553868136033868252e-01
1.200000000000000000e+01 2.428865347121245133e-02
1.200000000000000000e+01 4.224956316241031129e-02
4.200000000000000000e+01 3.122344221986622093e-01
4.200000000000000000e+01 3.312716709175413388e-01
8.000000000000000000e+00 2.579597292024749522e-01
1.200000000000000000e+01 1.012437168081317673e-01
2.900000000000000000e+01 1.119145640334692771e-01
6.000000000000000000e+00 1.788511622852701766e-01
3.000000000000000000e+00 1.680702538465420892e-01
4.200000000000000000e+01 9.906646606569199931e-02
4.200000000000000000e+01 1.495695186395999410e-01
3.700000000000000000e+01 8.436589747780509629e-02
3.300000000000000000e+01 1.359045423328767987e-01
2.900000000000000000e+01 1.793133216243554262e-01
3.000000000000000000e+00 4.694199123182668520e-01
4.200000000000000000e+01 1.251613729643000494e-01
2.900000000000000000e+01 2.016847343690289784e-01
4.200000000000000000e+01 3.055430540904061076e-01
1.700000000000000000e+01 1.022332676751448038e-01
0.000000000000000000e+00 1.006732070681431307e-01
3.000000000000000000e+00 1.008806486470646274e-01
4.200000000000000000e+01 2.890496461946434614e-01
3.000000000000000000e+01 1.470018153177082010e-01
1.100000000000000000e+01 4.284418102478563389e-02
2.900000000000000000e+01 6.235277039338740085e-02
1.400000000000000000e+01 2.007939565316090025e-01
4.000000000000000000e+00 2.625980859574683635e-01
4.900000000000000000e+01 2.706962243693534220e-01
1.700000000000000000e+01 8.837062953941035581e-02
2.900000000000000000e+01 1.736480069256078895e-01
3.000000000000000000e+00 1.244778006805445092e-01
3.000000000000000000e+00 3.068970933000922940e-01
2.700000000000000000e+01 1.812257847069757011e-01
2.300000000000000000e+01 2.294491884951473104e-01
3.000000000000000000e+01 9.055147043082044378e-02
3.700000000000000000e+01 1.482445471311475138e-01
3.000000000000000000e+00 1.302849858652698756e-01
6.000000000000000000e+00 1.199738410118861426e-01
3.500000000000000000e+01 1.002158261768494735e-01
1.800000000000000000e+01 2.959189025133042161e-01
0.000000000000000000e+00 1.082315927226915192e-01
4.200000000000000000e+01 1.650205714916246902e-01
4.200000000000000000e+01 1.363171531558666216e-01
4.200000000000000000e+01 1.026495617263120941e-01
0.000000000000000000e+00 1.437269681720258485e-01
3.000000000000000000e+00 1.035854391831768917e-01
3.400000000000000000e+01 1.957458153581150273e-01
6.000000000000000000e+00 1.033877427578162173e-01
4.900000000000000000e+01 2.656076238005478651e-01
0.000000000000000000e+00 1.331341104609742310e-01
1.400000000000000000e+01 1.278185993335057002e-01
0.000000000000000000e+00 1.674432018644526343e-01
4.000000000000000000e+01 2.348580393613212969e-01
3.300000000000000000e+01 1.008410925824103910e-01
2.100000000000000000e+01 3.601638269414616372e-02
0.000000000000000000e+00 9.137428145211928809e-02
4.800000000000000000e+01 1.222866842137077109e-01
0.000000000000000000e+00 1.372420712107646212e-01
1.300000000000000000e+01 2.224929194306404789e-01
1.000000000000000000e+01 1.076673964648770243e-01
0.000000000000000000e+00 1.620797888747935178e-01
4.200000000000000000e+01 1.577047857036833756e-01
1.000000000000000000e+01 1.113925879294606486e-01
0.000000000000000000e+00 5.207752894799225762e-01
1.000000000000000000e+01 4.242767521954589338e-02
1.000000000000000000e+01 5.789260326706499593e-02
4.200000000000000000e+01 5.244232654735041521e-01
0.000000000000000000e+00 1.079871051965255457e-01
0.000000000000000000e+00 5.445725952234911071e-01
0.000000000000000000e+00 1.571383195440654856e-01
3.500000000000000000e+01 1.000833335748293612e-01
4.200000000000000000e+01 8.346701957651581072e-02
0.000000000000000000e+00 1.740453724419551984e-01
0.000000000000000000e+00 1.195208125071272054e-01
4.700000000000000000e+01 7.300980049734498434e-02
6.000000000000000000e+00 1.942082113429068335e-01
2.400000000000000000e+01 2.498330291908540113e-01
4.200000000000000000e+01 2.536972720180493135e-01
0.000000000000000000e+00 8.761532816788376865e-02
0.000000000000000000e+00 1.053148280482158472e-01
1.000000000000000000e+00 1.613001784925045257e-01
4.200000000000000000e+01 2.614446107911576056e-01
0.000000000000000000e+00 1.437864699645872713e-01
1.300000000000000000e+01 2.843593444879464749e-01
4.000000000000000000e+00 1.279108713101266281e-01
3.500000000000000000e+01 5.194485761952626762e-02
9.000000000000000000e+00 2.307486108706207906e-01
4.200000000000000000e+01 1.339844786904750562e-01
0.000000000000000000e+00 1.322239320946249075e-01
1.800000000000000000e+01 2.595951271057151399e-01
2.200000000000000000e+01 1.737224406035749874e-02
2.200000000000000000e+01 2.234523016876386811e-02
2.800000000000000000e+01 6.420320758425976382e-02
4.200000000000000000e+01 2.102773162437137910e-01
4.200000000000000000e+01 1.285600688530769697e-01
2.300000000000000000e+01 2.522037488289455842e-01
3.000000000000000000e+01 1.349936699988399380e-01
3.600000000000000000e+01 2.504194609690380685e-02
2.100000000000000000e+01 1.371848022462734268e-02
2.100000000000000000e+01 8.563857911020446301e-02
1.700000000000000000e+01 2.275624017415998623e-01
2.200000000000000000e+01 1.476105261063374585e-01
4.000000000000000000e+00 2.139468095230264710e-01
0.000000000000000000e+00 9.681058962455198202e-02
0.000000000000000000e+00 1.985700380155847045e-01
1.700000000000000000e+01 1.866347808574694567e-01
3.800000000000000000e+01 2.433045764796112342e-01
0.000000000000000000e+00 9.962002946771704448e-02
6.000000000000000000e+00 1.714248802026205887e-01
1.800000000000000000e+01 1.758056795029155628e-01
4.900000000000000000e+01 2.077626769815765773e-01
4.200000000000000000e+01 1.616368776874749780e-01
4.200000000000000000e+01 2.293650564190421459e-01
4.200000000000000000e+01 1.721994138210467540e-01
3.200000000000000000e+01 4.668604451271359673e-02
1.800000000000000000e+01 1.492592788074603161e-01
4.900000000000000000e+01 3.075232540380740676e-01
1.900000000000000000e+01 2.975586407011318602e-01
4.900000000000000000e+01 2.546028721947842799e-01
2.500000000000000000e+01 1.959780963051028224e-01
1.600000000000000000e+01 2.705978263992395716e-01
4.300000000000000000e+01 2.084702694512468590e-01
2.000000000000000000e+00 2.540199965586163455e-01
2.000000000000000000e+01 9.395006859364329888e-02
1.600000000000000000e+01 2.795466075085012436e-01
4.700000000000000000e+01 4.663204862063376893e-02
3.000000000000000000e+00 4.202775719452307435e-01
4.300000000000000000e+01 1.569614573709343930e-01
4.300000000000000000e+01 1.005640316675863594e-01
5.000000000000000000e+00 5.589174597151151669e-02
1.900000000000000000e+01 1.578546402394585269e-01
2.000000000000000000e+01 1.235033128163934291e-01
2.000000000000000000e+01 1.061521665453297597e-01
3.000000000000000000e+00 9.002177665205900181e-02
4.700000000000000000e+01 4.688383718152403651e-02
3.000000000000000000e+00 9.791867228213796404e-02
1.900000000000000000e+01 2.195699617252783453e-01
4.200000000000000000e+01 1.685564482355143834e-01
5.000000000000000000e+00 1.295048470378118988e-01
4.200000000000000000e+01 1.459547680696627325e-01
1.500000000000000000e+01 3.274144718435809676e-01
4.700000000000000000e+01 4.796794465535211133e-02
4.200000000000000000e+01 8.965323432797096814e-02
3.000000000000000000e+00 2.191361914402011057e-01
4.200000000000000000e+01 1.277180273607736449e-01
2.300000000000000000e+01 5.398682276155235965e-02
4.900000000000000000e+01 3.111647028074592813e-01
1.900000000000000000e+01 3.224550829221433657e-01
2.000000000000000000e+01 1.291238984057643535e-01
2.300000000000000000e+01 2.691501070979999966e-02
4.000000000000000000e+01 2.074340940641085651e-01
2.500000000000000000e+01 1.178097447309772311e-01
4.200000000000000000e+01 2.351306138940355006e-01
3.100000000000000000e+01 1.082573305805075853e-01
5.000000000000000000e+00 1.866020517970094217e-01
3.100000000000000000e+01 9.525742977716815385e-02
2.600000000000000000e+01 1.075885235555320146e-01
2.500000000000000000e+01 2.120856620994943653e-01
3.700000000000000000e+01 1.821384465454247981e-01
4.200000000000000000e+01 1.313673949136023311e-01
4.200000000000000000e+01 1.501055252830043041e-01
2.900000000000000000e+01 6.965323597143126266e-02
1.300000000000000000e+01 1.266654913451114584e-01
1.900000000000000000e+01 2.503376864777294708e-01
1.500000000000000000e+01 1.260786978829425697e-01
1.600000000000000000e+01 1.640257476030300976e-01
9.000000000000000000e+00 2.713768730348524727e-01
1.900000000000000000e+01 3.100663247535253575e-01
3.500000000000000000e+01 8.634036401933270488e-02
4.200000000000000000e+01 1.292390598033303084e-01
4.200000000000000000e+01 1.844476471818807806e-01
4.200000000000000000e+01 1.105589149239581542e-01
5.000000000000000000e+00 7.492458730743831175e-02
3.400000000000000000e+01 2.356136583383229288e-01
3.000000000000000000e+00 1.435161272560224466e-01
6.000000000000000000e+00 1.163028561233741820e-01
1.900000000000000000e+01 1.914521437887009014e-01
9.000000000000000000e+00 7.288588480118625423e-02
3.000000000000000000e+00 2.375426847346850390e-01
1.600000000000000000e+01 8.487043333230484543e-02
3.000000000000000000e+00 2.355470953689567382e-01
4.200000000000000000e+01 5.990509034514364117e-01
4.200000000000000000e+01 9.833124460864488270e-02
4.600000000000000000e+01 7.871042477589627884e-02
3.000000000000000000e+00 1.664057116618294641e-01
1.700000000000000000e+01 1.681835615106550275e-01
4.200000000000000000e+01 1.739303556215518187e-01
1.400000000000000000e+01 1.771676660545222493e-01
0.000000000000000000e+00 1.481688042883487766e-01
4.200000000000000000e+01 6.312606537298092180e-01
2.500000000000000000e+01 1.498529708884665801e-01
4.200000000000000000e+01 1.356708669692830993e-01
4.300000000000000000e+01 1.433136024015396748e-01
4.200000000000000000e+01 3.162992093637492785e-01
2.600000000000000000e+01 4.065030787988694466e-02
3.000000000000000000e+01 9.330491294546593151e-02
2.400000000000000000e+01 1.845581487367360385e-01
4.100000000000000000e+01 1.214117849809558808e-01
4.600000000000000000e+01 1.128832423373041932e-01
2.900000000000000000e+01 8.341875744346800847e-02
2.000000000000000000e+00 1.240293998749689292e-01
4.200000000000000000e+01 4.565708265903975493e-01
1.400000000000000000e+01 2.009554143873656940e-01
3.700000000000000000e+01 8.761046865142330109e-02
4.100000000000000000e+01 5.673182026293138031e-02
1.700000000000000000e+01 1.494255864420458990e-01
4.200000000000000000e+01 1.574837418976001990e-01
1.200000000000000000e+01 2.428039563606854134e-02
1.200000000000000000e+01 4.292441540464184135e-02
4.200000000000000000e+01 8.499643905277205758e-02
4.200000000000000000e+01 3.114630047459770457e-01
4.200000000000000000e+01 3.306215619004567730e-01
8.000000000000000000e+00 3.854842288750441326e-01
1.200000000000000000e+01 1.009214405961795513e-01
1.700000000000000000e+01 1.035928744065918450e-01
3.300000000000000000e+01 1.378205329895232367e-01
2.900000000000000000e+01 6.100435987188614073e-02
3.000000000000000000e+00 1.646303591548775869e-01
8.000000000000000000e+00 6.830291696860844863e-02
4.200000000000000000e+01 2.952564635807158888e-01
4.200000000000000000e+01 1.582520578441678483e-01
2.900000000000000000e+01 1.151085988056826381e-01
6.000000000000000000e+00 3.235355781464678837e-01
3.000000000000000000e+00 9.572237205895257894e-02
4.200000000000000000e+01 3.234984331248431100e-01
3.000000000000000000e+01 1.468417990882979751e-01
4.200000000000000000e+01 1.243899859685817788e-01
0.000000000000000000e+00 1.016724306741604578e-01
2.900000000000000000e+01 6.864110673563909859e-02
3.000000000000000000e+01 9.044884001367806126e-02
2.900000000000000000e+01 1.755554619962211849e-01
4.900000000000000000e+01 2.715218302812090756e-01
3.000000000000000000e+00 1.203819053233578240e-01
5.000000000000000000e+00 2.758430538949627198e-01
1.100000000000000000e+01 4.889005872626575600e-02
2.700000000000000000e+01 1.850401554265992121e-01
4.000000000000000000e+00 2.651039680141994981e-01
1.400000000000000000e+01 1.666675178158147919e-01
1.700000000000000000e+01 9.523430515242928274e-02
0.000000000000000000e+00 1.401155394021225686e-01
4.200000000000000000e+01 1.129316754506494158e-01
3.700000000000000000e+01 1.167475635402624723e-01
3.000000000000000000e+00 2.992780697205466023e-01
1.400000000000000000e+01 1.892869091788520197e-01
1.400000000000000000e+01 1.923408388533648095e-01
1.800000000000000000e+01 2.946377384834406032e-01
0.000000000000000000e+00 1.086266286502493572e-01
1.300000000000000000e+01 2.163432762417542843e-01
3.400000000000000000e+01 1.870067618440408308e-01
4.200000000000000000e+01 1.667575668707104442e-01
4.200000000000000000e+01 1.721202028743348267e-01
3.300000000000000000e+01 7.405434664523594113e-02
2.900000000000000000e+01 1.625562264353619668e-01
6.000000000000000000e+00 1.092599841124862886e-01
3.000000000000000000e+00 7.580413493574028605e-02
3.500000000000000000e+01 1.051018973744165252e-01
4.200000000000000000e+01 1.688676531408064008e-01
2.100000000000000000e+01 3.618726410220841905e-02
3.500000000000000000e+01 1.044007742218427959e-01
0.000000000000000000e+00 8.324641763955560603e-02
1.000000000000000000e+01 1.085727090618178042e-01
0.000000000000000000e+00 1.614561527814300235e-01
3.000000000000000000e+00 1.717126169700284588e-01
4.200000000000000000e+01 2.712097742230920594e-01
4.800000000000000000e+01 1.188211077274889810e-01
0.000000000000000000e+00 1.624420620116678315e-01
1.000000000000000000e+01 1.118717215878365784e-01
4.200000000000000000e+01 1.139307434496494575e-01
1.000000000000000000e+01 1.138122799769690219e-01
0.000000000000000000e+00 1.343768425982759529e-01
1.000000000000000000e+01 4.292761154720586142e-02
0.000000000000000000e+00 5.116208637057605424e-01
3.000000000000000000e+00 3.380705776889653680e-01
0.000000000000000000e+00 8.313074713152721062e-02
4.000000000000000000e+00 7.995169055996874385e-02
4.700000000000000000e+01 7.283606517541485470e-02
4.200000000000000000e+01 2.539686881602721269e-01
4.200000000000000000e+01 2.803933559814623111e-01
4.200000000000000000e+01 3.069479338585050510e-01
0.000000000000000000e+00 5.291734621916660553e-01
0.000000000000000000e+00 1.153970382381894338e-01
1.700000000000000000e+01 1.656549790837501535e-01
1.000000000000000000e+00 1.515857746603462841e-01
0.000000000000000000e+00 1.001510623915688181e-01
1.700000000000000000e+01 2.525563177696792394e-01
3.000000000000000000e+00 9.331412675959194214e-02
1.300000000000000000e+01 2.858255159727610129e-01
6.000000000000000000e+00 1.944749785863885416e-01
0.000000000000000000e+00 1.190364357415199803e-01
1.800000000000000000e+01 2.625572367889434378e-01
3.500000000000000000e+01 1.110760288416609287e-01
4.200000000000000000e+01 1.589078031783207057e-01
0.000000000000000000e+00 1.744539754767910622e-01
3.600000000000000000e+01 5.454011898979936601e-02
2.200000000000000000e+01 1.324677672057592188e-02
3.500000000000000000e+01 5.534336153954876741e-02
0.000000000000000000e+00 1.474037652723677594e-01
0.000000000000000000e+00 1.330618177322258899e-01
0.000000000000000000e+00 1.556656160175731163e-01
2.800000000000000000e+01 5.164495876392886237e-02
4.200000000000000000e+01 1.995951721274826784e-01
2.300000000000000000e+01 2.284279936162789959e-01
3.800000000000000000e+01 2.352267332319542270e-01
2.100000000000000000e+01 1.025523169410842150e-01
1.700000000000000000e+01 2.355903277078660041e-01
4.900000000000000000e+01 2.313474935939475730e-01
0.000000000000000000e+00 9.098252307509129000e-02
4.200000000000000000e+01 1.830910669722361217e-01
1.700000000000000000e+01 1.984187940510216408e-01
2.100000000000000000e+01 1.858911807521318807e-02
3.100000000000000000e+01 1.304578634494419909e-01
4.000000000000000000e+00 2.194803367305424024e-01
4.800000000000000000e+01 1.583885607756424785e-01
4.200000000000000000e+01 1.676501181871782875e-01
3.200000000000000000e+01 4.606732017417006914e-02
1.300000000000000000e+01 3.691523177182360893e-01
4.200000000000000000e+01 1.472912207996120715e-01
4.200000000000000000e+01 1.606697667185855161e-01
4.800000000000000000e+01 1.633346617238636833e-01
1.800000000000000000e+01 1.804522450247547649e-01
2.200000000000000000e+01 3.621308481310979085e-03
4.200000000000000000e+01 1.800632489449699725e-01
1.900000000000000000e+01 3.312447395024669672e-01
4.900000000000000000e+01 2.568767389771904330e-01
2.500000000000000000e+01 2.110145089797915152e-01
1.600000000000000000e+01 2.692811255359838785e-01
4.300000000000000000e+01 2.089631840475867919e-01
2.000000000000000000e+00 2.589213019923908288e-01
2.000000000000000000e+01 4.327166836655498006e-02
1.600000000000000000e+01 1.155403512473516664e-01
4.700000000000000000e+01 4.368117245802616982e-02
3.000000000000000000e+00 4.214600258242903741e-01
4.300000000000000000e+01 1.594589781362548420e-01
1.900000000000000000e+01 1.506686419249642916e-01
4.300000000000000000e+01 9.758794473513322798e-02
5.000000000000000000e+00 5.509150885903347367e-02
2.000000000000000000e+01 1.052065982167013913e-01
2.000000000000000000e+01 1.202620202254228859e-01
4.700000000000000000e+01 4.872862334528853950e-02
3.000000000000000000e+00 8.190730817538215136e-02
1.900000000000000000e+01 2.159430105507469388e-01
3.000000000000000000e+00 9.958643031644884291e-02
4.200000000000000000e+01 4.832000165233256150e-01
4.700000000000000000e+01 4.369898783716290314e-02
5.000000000000000000e+00 1.298560187608916727e-01
1.500000000000000000e+01 3.285048680587124847e-01
4.900000000000000000e+01 2.860067050016045220e-01
4.200000000000000000e+01 8.833218125861588832e-02
4.200000000000000000e+01 1.217097088492224422e-01
3.000000000000000000e+00 1.988372962727353865e-01
4.300000000000000000e+01 7.416000301875665113e-02
4.900000000000000000e+01 3.068598515039119290e-01
2.300000000000000000e+01 5.213198024340776060e-02
3.700000000000000000e+01 1.563006944567606193e-01
2.000000000000000000e+01 1.318472363191122709e-01
2.300000000000000000e+01 3.886931057732860573e-02
3.100000000000000000e+01 1.099679422519731636e-01
3.100000000000000000e+01 1.072308182784157821e-01
5.000000000000000000e+00 1.875650660869951913e-01
4.000000000000000000e+01 2.112224299426110619e-01
4.900000000000000000e+01 1.689896352405312330e-01
3.100000000000000000e+01 9.643200131548636256e-02
2.600000000000000000e+01 1.080872943108426992e-01
4.200000000000000000e+01 1.514141581275243453e-01
3.700000000000000000e+01 1.809133502020088546e-01
1.900000000000000000e+01 1.297599278341612650e-01
2.900000000000000000e+01 6.842053080878149340e-02
2.500000000000000000e+01 2.167321247240350801e-01
1.900000000000000000e+01 2.430966660844125216e-01
1.500000000000000000e+01 1.223718310605793336e-01
1.300000000000000000e+01 1.270146180173218342e-01
1.900000000000000000e+01 3.058543213944142081e-01
4.200000000000000000e+01 1.319726116637036650e-01
9.000000000000000000e+00 2.712273167709833288e-01
4.200000000000000000e+01 1.289116813202590972e-01
3.500000000000000000e+01 1.044389534291459559e-01
9.000000000000000000e+00 6.393244452838861558e-02
1.900000000000000000e+01 2.021262212099105005e-01
4.400000000000000000e+01 6.630365390108229617e-02
3.000000000000000000e+00 1.805647989416445109e-01
4.200000000000000000e+01 1.708530032514151420e-01
4.200000000000000000e+01 1.153620144551530252e-01
3.000000000000000000e+00 2.476079814089171272e-01
6.000000000000000000e+00 1.153528623452866192e-01
5.000000000000000000e+00 7.273259111021725121e-02
1.700000000000000000e+01 1.802714010907691122e-01
4.600000000000000000e+01 7.899718723604824688e-02
4.200000000000000000e+01 9.370690415294892495e-02
4.200000000000000000e+01 1.631007296583576460e-01
3.000000000000000000e+00 1.619477043117495130e-01
2.500000000000000000e+01 5.046948098026097368e-02
1.400000000000000000e+01 1.736097997408870552e-01
4.200000000000000000e+01 5.965788622090473226e-01
2.600000000000000000e+01 4.010506865083826589e-02
4.200000000000000000e+01 6.198003536798228907e-01
0.000000000000000000e+00 1.481468248008731281e-01
4.300000000000000000e+01 1.460196945566025473e-01
1.900000000000000000e+01 1.879144947333041549e-01
4.200000000000000000e+01 1.576765241064226053e-01
4.100000000000000000e+01 1.282893077165392914e-01
3.000000000000000000e+01 9.475711932776663404e-02
4.600000000000000000e+01 1.103598378193991481e-01
2.000000000000000000e+00 1.441032290716544595e-01
4.200000000000000000e+01 5.545503891414498288e-01
4.100000000000000000e+01 7.441095938824841827e-02
1.700000000000000000e+01 1.479185401309450754e-01
1.700000000000000000e+01 1.023029389073831230e-01
2.400000000000000000e+01 1.814615433153514146e-01
4.200000000000000000e+01 1.574839334582696371e-01
1.400000000000000000e+01 1.843103806376488463e-01
1.200000000000000000e+01 2.441631732800905730e-02
4.600000000000000000e+01 8.727791563434925126e-02
1.200000000000000000e+01 4.337469777529185527e-02
4.200000000000000000e+01 1.199097156386843416e-01
1.300000000000000000e+01 1.638021112854616823e-01
4.200000000000000000e+01 3.129729472865491191e-01
4.200000000000000000e+01 3.284262354516607196e-01
4.200000000000000000e+01 1.418721924193314665e-01
2.900000000000000000e+01 5.652566196382518421e-02
1.200000000000000000e+01 1.013850462972572253e-01
4.200000000000000000e+01 1.984851091646145371e-01
4.200000000000000000e+01 1.003436465768970665e-01
3.000000000000000000e+00 1.261159346619628308e-01
3.000000000000000000e+00 1.191928485391192949e-01
3.300000000000000000e+01 1.334746028235305471e-01
3.700000000000000000e+01 9.568353797938054794e-02
3.000000000000000000e+01 1.475599154775533994e-01
0.000000000000000000e+00 1.033305997085164352e-01
2.900000000000000000e+01 6.968062253422559194e-02
3.000000000000000000e+00 1.058285900118147022e-01
2.900000000000000000e+01 1.820234246856343996e-01
4.200000000000000000e+01 3.129568060003063978e-01
3.000000000000000000e+00 1.097538995385216876e-01
6.000000000000000000e+00 1.690152365101004750e-01
1.700000000000000000e+01 9.744834070924562885e-02
0.000000000000000000e+00 1.439761046378750242e-01
2.900000000000000000e+01 6.705940385173536633e-02
8.000000000000000000e+00 2.747384218480950491e-01
4.000000000000000000e+01 2.508746206125490041e-01
1.400000000000000000e+01 1.872233965937563360e-01
1.100000000000000000e+01 4.517088632113545194e-02
1.700000000000000000e+01 8.988699941268274429e-02
3.000000000000000000e+00 1.207610776788541757e-01
4.000000000000000000e+00 2.656381871993216404e-01
2.700000000000000000e+01 1.850327028261213036e-01
3.000000000000000000e+01 9.211359607338735767e-02
5.000000000000000000e+00 2.804776735827341771e-01
1.400000000000000000e+01 1.850441420847621365e-01
1.000000000000000000e+01 1.222608837172774326e-01
3.700000000000000000e+01 1.531255090064923829e-01
6.000000000000000000e+00 1.063732362814972660e-01
0.000000000000000000e+00 1.306182285486261196e-01
2.900000000000000000e+01 1.708927352331235938e-01
4.600000000000000000e+01 1.347271038201520721e-01
1.800000000000000000e+01 3.010293183804890194e-01
3.300000000000000000e+01 6.722868985698872424e-02
4.200000000000000000e+01 1.701735091242685127e-01
4.900000000000000000e+01 2.591148326952515402e-01
3.100000000000000000e+01 1.953813640187870015e-01
4.200000000000000000e+01 1.032263755134547739e-01
1.400000000000000000e+01 1.766365543421770934e-01
3.000000000000000000e+00 1.400476396122145861e-01
0.000000000000000000e+00 9.295196865912520867e-02
0.000000000000000000e+00 1.647127677720969519e-01
1.000000000000000000e+01 1.075433120880670973e-01
0.000000000000000000e+00 1.072339701457021566e-01
3.400000000000000000e+01 1.863256343788944336e-01
0.000000000000000000e+00 1.588382064182198294e-01
4.200000000000000000e+01 1.451251310563908825e-01
3.500000000000000000e+01 1.075369675288141424e-01
1.000000000000000000e+01 1.095441570791422653e-01
4.200000000000000000e+01 1.575677171407873778e-01
4.800000000000000000e+01 1.225774831022565375e-01
0.000000000000000000e+00 1.394067330979820996e-01
1.300000000000000000e+01 2.183381097984571362e-01
0.000000000000000000e+00 5.163661909143548723e-01
1.000000000000000000e+01 4.096172375024025036e-02
3.500000000000000000e+01 1.057423846887901725e-01
0.000000000000000000e+00 1.726023485911808986e-01
1.700000000000000000e+01 1.723976719286396952e-01
4.200000000000000000e+01 3.360339725237547204e-01
0.000000000000000000e+00 5.338166572694655887e-01
1.000000000000000000e+00 1.677971818867107501e-01
2.400000000000000000e+01 2.513088122964104443e-01
0.000000000000000000e+00 8.959275407866797158e-02
0.000000000000000000e+00 1.260624683831493287e-01
4.700000000000000000e+01 7.232555359565566444e-02
4.000000000000000000e+00 1.848818853984562638e-01
4.200000000000000000e+01 1.330493288518126427e-01
0.000000000000000000e+00 1.197860388925192782e-01
4.200000000000000000e+01 2.587167403598925608e-01
0.000000000000000000e+00 1.006947808700253411e-01
4.200000000000000000e+01 2.805149271626383167e-01
6.000000000000000000e+00 1.647517721660648193e-01
4.200000000000000000e+01 1.178288117328401552e-01
9.000000000000000000e+00 2.338090769144448577e-01
4.200000000000000000e+01 1.321040730511099659e-01
0.000000000000000000e+00 1.542079161852517588e-01
1.700000000000000000e+01 2.537603636106789962e-01
0.000000000000000000e+00 1.433526238327215430e-01
1.800000000000000000e+01 2.591153527666391621e-01
4.200000000000000000e+01 1.665596055753750526e-01
2.800000000000000000e+01 4.886289186472229235e-02
3.000000000000000000e+01 1.432850384134757016e-01
3.500000000000000000e+01 5.339779398172646990e-02
2.200000000000000000e+01 1.711637111399364614e-02
3.600000000000000000e+01 2.507872289233898169e-02
3.500000000000000000e+01 1.120343328805619432e-01
1.700000000000000000e+01 2.345472925383845497e-01
0.000000000000000000e+00 1.315070025971680212e-01
4.200000000000000000e+01 1.787582494251286069e-01
2.300000000000000000e+01 2.485397842287189740e-01
2.100000000000000000e+01 1.687808807858950932e-02
2.200000000000000000e+01 3.030241077073901005e-03
4.900000000000000000e+01 2.216393484021571547e-01
0.000000000000000000e+00 1.867841500620889272e-01
1.300000000000000000e+01 2.871078161333146528e-01
0.000000000000000000e+00 9.057605454701325720e-02
4.000000000000000000e+00 2.105933788345774049e-01
3.100000000000000000e+01 1.298454531034039516e-01
2.900000000000000000e+01 1.624791895615438908e-01
1.000000000000000000e+01 9.087541940703545984e-02
3.800000000000000000e+01 2.288273682359405758e-01
4.200000000000000000e+01 5.820469863291826140e-01
4.200000000000000000e+01 2.029311838306027682e-01
4.200000000000000000e+01 1.486346955852945739e-01
4.800000000000000000e+01 1.553536113261433649e-01
0.000000000000000000e+00 9.241198194472118044e-02
3.200000000000000000e+01 4.735578227147730496e-02
4.200000000000000000e+01 1.617719810332646224e-01
1.800000000000000000e+01 2.012262935064298153e-01
4.800000000000000000e+01 1.599240286344789097e-01
1.800000000000000000e+01 2.215203699592862840e-01
1.900000000000000000e+01 3.305414713488600276e-01
4.900000000000000000e+01 2.556973933917173203e-01
2.500000000000000000e+01 2.012835018637065543e-01
1.600000000000000000e+01 2.722092654985395765e-01
4.300000000000000000e+01 2.074024444796468136e-01
2.000000000000000000e+01 3.732505473385838018e-02
2.000000000000000000e+00 2.545219123884820411e-01
1.600000000000000000e+01 1.239619657033057820e-01
4.700000000000000000e+01 4.250020840538464018e-02
3.000000000000000000e+00 4.192567019137673490e-01
4.300000000000000000e+01 1.589613127266890358e-01
4.300000000000000000e+01 1.011704315945970017e-01
2.000000000000000000e+01 1.285795891638056854e-01
1.900000000000000000e+01 1.549427177429041347e-01
5.000000000000000000e+00 5.591586141953455019e-02
4.200000000000000000e+01 4.026072450870710751e-01
3.000000000000000000e+00 8.837229444550935564e-02
4.700000000000000000e+01 4.791512590597647031e-02
2.000000000000000000e+01 1.058678994422201924e-01
3.000000000000000000e+00 1.004545227901201820e-01
1.900000000000000000e+01 2.204848766367048796e-01
1.500000000000000000e+01 3.067952762054993454e-01
4.200000000000000000e+01 1.518014596074780120e-01
5.000000000000000000e+00 1.302179794251228373e-01
4.200000000000000000e+01 1.913084892570161566e-01
4.700000000000000000e+01 4.325279685670667396e-02
3.000000000000000000e+00 1.965327378912827549e-01
4.200000000000000000e+01 1.450081056210610342e-01
4.200000000000000000e+01 1.270458038090520325e-01
2.300000000000000000e+01 2.046168259130612399e-01
3.700000000000000000e+01 1.536431091275172189e-01
4.900000000000000000e+01 3.095062396130813243e-01
2.000000000000000000e+01 1.417460399377542257e-01
2.300000000000000000e+01 2.700154527750773734e-02
3.100000000000000000e+01 1.156238336354416391e-01
4.000000000000000000e+01 2.162542686107542522e-01
4.200000000000000000e+01 2.324772803763646145e-01
5.000000000000000000e+00 1.883566636099627545e-01
3.100000000000000000e+01 1.069892679541918773e-01
1.500000000000000000e+01 1.182177955801696906e-01
9.000000000000000000e+00 2.685170110203828342e-01
3.100000000000000000e+01 9.554624283700220710e-02
2.500000000000000000e+01 2.062866739429690677e-01
2.600000000000000000e+01 1.033101958889989791e-01
1.900000000000000000e+01 2.587050967087730635e-01
2.900000000000000000e+01 8.966487343291587586e-02
3.700000000000000000e+01 1.492329497173534025e-01
3.700000000000000000e+01 1.852123237014361434e-01
1.900000000000000000e+01 1.329040280904553450e-01
4.200000000000000000e+01 9.980784984499341261e-02
1.300000000000000000e+01 1.264206532119863113e-01
4.200000000000000000e+01 1.527383509341752599e-01
4.200000000000000000e+01 1.268464267596459139e-01
4.400000000000000000e+01 6.333326394469836196e-02
1.900000000000000000e+01 1.964334448603484162e-01
5.000000000000000000e+00 7.414659772694219553e-02
3.000000000000000000e+00 2.510461829922788768e-01
4.200000000000000000e+01 1.760915030504803802e-01
3.000000000000000000e+00 1.559544598839509855e-01
1.600000000000000000e+01 9.305622328430572521e-02
4.200000000000000000e+01 1.196514755729803092e-01
1.700000000000000000e+01 1.846767024079268016e-01
6.000000000000000000e+00 1.177107039911368669e-01
4.600000000000000000e+01 7.916704651900498269e-02
3.000000000000000000e+00 1.680315508309343231e-01
4.200000000000000000e+01 9.375899877462316734e-02
1.700000000000000000e+01 1.690267045734013263e-01
4.200000000000000000e+01 6.315449555907778345e-01
1.400000000000000000e+01 1.801154034920936509e-01
4.200000000000000000e+01 1.009372874158316474e-01
0.000000000000000000e+00 1.450068781607251889e-01
4.300000000000000000e+01 1.442666407659683458e-01
2.500000000000000000e+01 1.657817966018366729e-01
2.600000000000000000e+01 4.372038063429199706e-02
4.200000000000000000e+01 1.626774103679959893e-01
4.200000000000000000e+01 1.350486529548454440e-01
3.000000000000000000e+01 9.286678147106282311e-02
1.900000000000000000e+01 1.937543240557678403e-01
4.200000000000000000e+01 3.225142937117592146e-01
4.600000000000000000e+01 1.102043058077063764e-01
2.400000000000000000e+01 1.736110564127389677e-01
2.000000000000000000e+00 1.248210358508912016e-01
4.200000000000000000e+01 4.521653629259387297e-01
1.700000000000000000e+01 9.869717626989781001e-02
3.000000000000000000e+00 1.121665067255193105e-01
4.200000000000000000e+01 1.360430260962285365e-01
1.700000000000000000e+01 1.843184478262664683e-01
4.200000000000000000e+01 1.585826135034504036e-01
4.100000000000000000e+01 1.352433976594231979e-01
1.200000000000000000e+01 2.373385074540966533e-02
1.400000000000000000e+01 1.612387247319945482e-01
6.000000000000000000e+00 1.736042558305355421e-01
1.200000000000000000e+01 4.376795433991689799e-02
3.000000000000000000e+00 1.280681454311660139e-01
2.900000000000000000e+01 8.096283942114333720e-02
4.200000000000000000e+01 3.124078665273558597e-01
4.200000000000000000e+01 1.815276610014021907e-01
1.200000000000000000e+01 1.008786363694018778e-01
4.200000000000000000e+01 3.318049866843966744e-01
4.200000000000000000e+01 1.565089352240780218e-01
3.700000000000000000e+01 8.518151551237806984e-02
8.000000000000000000e+00 6.743280088448883047e-02
1.300000000000000000e+01 2.684683871578520398e-01
3.000000000000000000e+00 1.038963454768035005e-01
2.900000000000000000e+01 1.158689626624328090e-01
3.000000000000000000e+01 1.454960324659539395e-01
4.200000000000000000e+01 3.122829816950671300e-01
3.300000000000000000e+01 1.110663517150080604e-01
2.900000000000000000e+01 1.817614113893288585e-01
0.000000000000000000e+00 1.043996727475892672e-01
2.900000000000000000e+01 6.692861974172044370e-02
1.100000000000000000e+01 4.824528994908243440e-02
1.700000000000000000e+01 9.919058010126811931e-02
3.000000000000000000e+00 1.196332777578690415e-01
3.000000000000000000e+00 8.164401593626241516e-02
3.000000000000000000e+01 9.018546939216276481e-02
4.000000000000000000e+00 2.661285738749574747e-01
4.200000000000000000e+01 1.136012280221424253e-01
2.300000000000000000e+01 2.082481970806540350e-01
4.000000000000000000e+01 2.698749328903819467e-01
1.700000000000000000e+01 9.470304347022698299e-02
1.400000000000000000e+01 1.609320824457634858e-01
6.000000000000000000e+00 1.095673111356866986e-01
3.100000000000000000e+01 2.084364009154668074e-01
2.700000000000000000e+01 1.867156442637012970e-01
4.200000000000000000e+01 1.573046548959169955e-01
3.500000000000000000e+01 1.476240555039613489e-01
4.200000000000000000e+01 1.033462246618888775e-01
0.000000000000000000e+00 1.143666326106093922e-01
6.000000000000000000e+00 1.008075438711288907e-01
3.700000000000000000e+01 1.451695775902910046e-01
3.500000000000000000e+01 1.005779048547691262e-01
4.000000000000000000e+01 2.173567534888450614e-01
0.000000000000000000e+00 1.012942976043435667e-01
1.300000000000000000e+01 2.168894289217739302e-01
1.800000000000000000e+01 2.905559843575903356e-01
1.000000000000000000e+01 1.039015093877903306e-01
4.900000000000000000e+01 2.670038041572708187e-01
0.000000000000000000e+00 1.046719041793530147e-01
3.400000000000000000e+01 1.904872188631483998e-01
4.200000000000000000e+01 1.550743613080181049e-01
3.300000000000000000e+01 7.144934014022320812e-02
1.400000000000000000e+01 1.696072415018209656e-01
0.000000000000000000e+00 9.242895137291297358e-02
1.000000000000000000e+01 1.094096325304681067e-01
0.000000000000000000e+00 1.649856453405457446e-01
1.000000000000000000e+01 4.318432211995672926e-02
4.800000000000000000e+01 1.233692186501657434e-01
0.000000000000000000e+00 1.629116327561136723e-01
3.000000000000000000e+00 1.307327249048816642e-01
4.200000000000000000e+01 1.401595980192282542e-01
0.000000000000000000e+00 1.791228517938220355e-01
0.000000000000000000e+00 5.109394920569548804e-01
0.000000000000000000e+00 1.338964252107469610e-01
1.400000000000000000e+01 1.462953804430341953e-01
1.000000000000000000e+00 1.619682094458140820e-01
0.000000000000000000e+00 5.456332042239439017e-01
4.200000000000000000e+01 3.002662723868177452e-01
4.000000000000000000e+00 1.452575823996652971e-01
4.200000000000000000e+01 1.262509971048746404e-01
2.400000000000000000e+01 2.453240386623088132e-01
0.000000000000000000e+00 8.531655752862980779e-02
3.500000000000000000e+01 1.069801143863756965e-01
4.700000000000000000e+01 7.308918374111160465e-02
0.000000000000000000e+00 1.194952345842830443e-01
1.300000000000000000e+01 2.847243271185652125e-01
4.200000000000000000e+01 1.008936077361656664e-01
0.000000000000000000e+00 1.040049698069262646e-01
0.000000000000000000e+00 1.133322477211471807e-01
3.500000000000000000e+01 1.111241010131534673e-01
4.200000000000000000e+01 1.761858898398067363e-01
2.200000000000000000e+01 1.342062919156650734e-02
0.000000000000000000e+00 1.467831671125663096e-01
4.200000000000000000e+01 2.546308321902893690e-01
3.500000000000000000e+01 8.224409477599972651e-02
4.200000000000000000e+01 2.752929408786194965e-01
1.700000000000000000e+01 2.337653490941504764e-01
0.000000000000000000e+00 1.571110981567045983e-01
6.000000000000000000e+00 1.919658796756092412e-01
3.500000000000000000e+01 8.023948959998752906e-02
1.800000000000000000e+01 2.574874693967610373e-01
3.600000000000000000e+01 4.902340235226131798e-02
2.800000000000000000e+01 5.879297840438905270e-02
2.100000000000000000e+01 9.743048295277710602e-02
1.700000000000000000e+01 2.575050858806508525e-01
2.200000000000000000e+01 6.424238068508925613e-03
0.000000000000000000e+00 1.335984540789967867e-01
3.000000000000000000e+00 1.033224640603714051e-01
0.000000000000000000e+00 1.301437190083283291e-01
4.900000000000000000e+01 1.990226357917425637e-01
3.500000000000000000e+01 5.630990622519824879e-02
0.000000000000000000e+00 2.024447744419944351e-01
4.000000000000000000e+00 2.090549249557103750e-01
3.400000000000000000e+01 1.697694569200439707e-01
2.100000000000000000e+01 1.708152919883144938e-02
2.300000000000000000e+01 2.202627448276902600e-01
4.200000000000000000e+01 2.033775386953228237e-01
4.800000000000000000e+01 1.591945338431857149e-01
3.800000000000000000e+01 2.396443001549758145e-01
4.200000000000000000e+01 1.704347403606263078e-01
4.800000000000000000e+01 1.612622587589505052e-01
1.800000000000000000e+01 1.744218826183932813e-01
4.200000000000000000e+01 3.055653245595782996e-01
0.000000000000000000e+00 9.447110611353590204e-02
3.200000000000000000e+01 4.692633940759458749e-02
3.100000000000000000e+01 1.421722791396099750e-01
0.000000000000000000e+00 9.219900170706617215e-02
4.200000000000000000e+01 1.715953067894608886e-01
4.200000000000000000e+01 1.552572906429050270e-01
4.200000000000000000e+01 1.444476204910654926e-01
1.000000000000000000e+01 8.747836139178101489e-02
1.900000000000000000e+01 3.289973412103741057e-01
4.900000000000000000e+01 2.535796716767249603e-01
2.500000000000000000e+01 1.943611780700690017e-01
1.600000000000000000e+01 2.659142418049544321e-01
4.300000000000000000e+01 2.068984365417102234e-01
2.000000000000000000e+00 2.571019181612541615e-01
2.000000000000000000e+01 4.033659195504016304e-02
4.700000000000000000e+01 4.306984985598797527e-02
1.600000000000000000e+01 3.024304120788100514e-01
3.000000000000000000e+00 4.203202281738158685e-01
4.300000000000000000e+01 1.581157807038950924e-01
4.300000000000000000e+01 9.891168295156733958e-02
1.900000000000000000e+01 7.330480161484911883e-02
1.900000000000000000e+01 1.432696970390212043e-01
4.700000000000000000e+01 4.577196894414104628e-02
5.000000000000000000e+00 7.069087917834081247e-02
2.000000000000000000e+01 1.076851737914551327e-01
1.900000000000000000e+01 2.153142401302987341e-01
4.700000000000000000e+01 4.178964861628398086e-02
3.000000000000000000e+00 8.244477815679877863e-02
4.200000000000000000e+01 1.452996132928352779e-01
5.000000000000000000e+00 1.302751609951435796e-01
3.000000000000000000e+00 9.959097433884579742e-02
4.200000000000000000e+01 1.567845312602477170e-01
4.200000000000000000e+01 1.210186908760454982e-01
1.500000000000000000e+01 3.310939658860215240e-01
4.200000000000000000e+01 6.094847238610369144e-01
3.000000000000000000e+00 2.015406817300386122e-01
2.300000000000000000e+01 1.984854236881885836e-01
1.900000000000000000e+01 3.259263758998732774e-01
4.900000000000000000e+01 3.094700904840809175e-01
2.000000000000000000e+01 1.329869907231263637e-01
2.300000000000000000e+01 2.735954568680530608e-02
3.100000000000000000e+01 1.076725560681634497e-01
4.200000000000000000e+01 2.273509233859868084e-01
3.100000000000000000e+01 1.080044047628954396e-01
5.000000000000000000e+00 1.873811224100446204e-01
2.500000000000000000e+01 2.099732108449802737e-01
4.000000000000000000e+01 2.125908561662439855e-01
4.200000000000000000e+01 9.437209089500252224e-02
3.000000000000000000e+01 1.398987296302997285e-01
2.600000000000000000e+01 1.084755662133004561e-01
3.100000000000000000e+01 9.486777415338135122e-02
2.900000000000000000e+01 8.467344432581065672e-02
1.500000000000000000e+01 1.234766814172659211e-01
1.900000000000000000e+01 2.423970129751909786e-01
4.200000000000000000e+01 1.517690325425776754e-01
1.600000000000000000e+01 1.609250952045617467e-01
3.700000000000000000e+01 1.836296631511595001e-01
1.900000000000000000e+01 3.054229893190323897e-01
1.300000000000000000e+01 1.245269809269122369e-01
4.400000000000000000e+01 7.016484018811761092e-02
4.200000000000000000e+01 1.280602874252422529e-01
3.500000000000000000e+01 9.237546025891577028e-02
3.000000000000000000e+00 5.053200416208818435e-01
4.200000000000000000e+01 1.681839046468679155e-01
3.000000000000000000e+00 1.710908182395307064e-01
4.200000000000000000e+01 1.080617192124546377e-01
2.600000000000000000e+01 3.943379954619574690e-02
1.900000000000000000e+01 2.021569724680874480e-01
5.000000000000000000e+00 7.017496024386807307e-02
1.600000000000000000e+01 8.418422764271532577e-02
9.000000000000000000e+00 6.935340183027495498e-02
3.000000000000000000e+00 1.733358572801118325e-01
1.600000000000000000e+01 1.453341225810028670e-01
6.000000000000000000e+00 1.213438031525383987e-01
4.600000000000000000e+01 9.223778562301315764e-02
1.400000000000000000e+01 1.733982757561385590e-01
4.200000000000000000e+01 6.117795590950916296e-01
4.200000000000000000e+01 6.318266379618582285e-01
2.600000000000000000e+01 4.066588528816674625e-02
2.500000000000000000e+01 1.726759989065312362e-01
1.700000000000000000e+01 1.681512163852527941e-01
4.300000000000000000e+01 1.494802394310042470e-01
4.200000000000000000e+01 5.603011435406276552e-01
4.200000000000000000e+01 1.728799474212147913e-01
1.900000000000000000e+01 1.921833685898974298e-01
0.000000000000000000e+00 1.539955502963800682e-01
3.000000000000000000e+01 9.633254971376109532e-02
2.000000000000000000e+00 1.414839966632776280e-01
4.200000000000000000e+01 1.002093603637580765e-01
4.200000000000000000e+01 1.507445139065293205e-01
2.400000000000000000e+01 1.765208939667000099e-01
4.600000000000000000e+01 1.044831960335481369e-01
4.100000000000000000e+01 1.349585909923765592e-01
4.200000000000000000e+01 1.606890586596275150e-01
4.200000000000000000e+01 1.151109758140693579e-01
3.700000000000000000e+01 8.360338285290842830e-02
1.700000000000000000e+01 1.008346719255559798e-01
1.400000000000000000e+01 1.666512501208549657e-01
1.200000000000000000e+01 2.420626367726719588e-02
1.700000000000000000e+01 1.544544693255703038e-01
1.200000000000000000e+01 4.529425102094197797e-02
2.900000000000000000e+01 6.018814103579583907e-02
8.000000000000000000e+00 3.731988720696799433e-01
4.200000000000000000e+01 3.135024861103631877e-01
1.200000000000000000e+01 1.012279424112761117e-01
4.200000000000000000e+01 3.296355046734820160e-01
3.000000000000000000e+00 9.723093054032677651e-02
4.200000000000000000e+01 1.069663857800675216e-01
3.000000000000000000e+00 4.726039703514305912e-01
4.200000000000000000e+01 1.849296055283822793e-01
2.900000000000000000e+01 1.790405587842212598e-01
2.900000000000000000e+01 7.825954674558652235e-02
1.400000000000000000e+01 9.984896065852406910e-02
3.300000000000000000e+01 1.343983146756466684e-01
3.000000000000000000e+00 1.629120363470064614e-01
8.000000000000000000e+00 2.674687338373425982e-01
4.200000000000000000e+01 3.226768367994993780e-01
4.200000000000000000e+01 1.148960080102249676e-01
3.000000000000000000e+01 1.462071465057855901e-01
3.000000000000000000e+01 9.034851143434045884e-02
2.900000000000000000e+01 7.889080044941233771e-02
3.000000000000000000e+00 8.061469762338870082e-02
0.000000000000000000e+00 1.065227597949752053e-01
2.300000000000000000e+01 2.366817420255186433e-01
1.400000000000000000e+01 2.033148892638530769e-01
1.700000000000000000e+01 9.141764369686584957e-02
4.000000000000000000e+00 2.664443976795550229e-01
1.100000000000000000e+01 4.362203708766287935e-02
3.700000000000000000e+01 1.465752821479428536e-01
4.000000000000000000e+01 2.695296561866347140e-01
1.400000000000000000e+01 1.855565268714023386e-01
3.500000000000000000e+01 1.009422361676540064e-01
1.000000000000000000e+01 1.233399960445450416e-01
3.000000000000000000e+00 1.143047294984645135e-01
2.700000000000000000e+01 1.839072007529884145e-01
0.000000000000000000e+00 1.059321002474784001e-01
1.800000000000000000e+01 2.973569427354694206e-01
1.400000000000000000e+01 1.656886905563921819e-01
4.200000000000000000e+01 1.489948510347477439e-01
4.200000000000000000e+01 1.606780058579876935e-01
1.300000000000000000e+01 2.163240821620890098e-01
3.000000000000000000e+00 1.780795343773877715e-01
3.300000000000000000e+01 6.090624293438304249e-02
0.000000000000000000e+00 1.391731280859008490e-01
3.100000000000000000e+01 2.046500963445477550e-01
1.400000000000000000e+01 1.497718114721778571e-01
6.000000000000000000e+00 1.106170814031787603e-01
4.200000000000000000e+01 1.938866335254598727e-01
4.800000000000000000e+01 1.243671955316822397e-01
4.200000000000000000e+01 5.238732949481430534e-01
4.200000000000000000e+01 1.232691915960348050e-01
3.400000000000000000e+01 1.956399863058449484e-01
0.000000000000000000e+00 8.927641728273356947e-02
4.200000000000000000e+01 1.787604341514681117e-01
0.000000000000000000e+00 1.630338738876912497e-01
1.000000000000000000e+01 5.718916062055355576e-02
1.000000000000000000e+01 1.076217867540178591e-01
3.500000000000000000e+01 1.029049705754074145e-01
0.000000000000000000e+00 5.272455080251845505e-01
0.000000000000000000e+00 1.694504587216539571e-01
4.200000000000000000e+01 2.015216774834705515e-01
2.400000000000000000e+01 2.497601549125229581e-01
0.000000000000000000e+00 5.358752366502298470e-01
4.700000000000000000e+01 7.133738858661456406e-02
4.200000000000000000e+01 2.568883779991683602e-01
4.200000000000000000e+01 1.114453601901787272e-01
0.000000000000000000e+00 1.361656618204926672e-01
4.000000000000000000e+00 8.096969875712853315e-02
4.200000000000000000e+01 2.841568893829515274e-01
6.000000000000000000e+00 1.714508204599382302e-01
0.000000000000000000e+00 8.862291633116137213e-02
4.200000000000000000e+01 2.988558569740750737e-01
4.200000000000000000e+01 1.705717909104554342e-01
0.000000000000000000e+00 1.045461511086168693e-01
1.700000000000000000e+01 2.538722987132711606e-01
1.000000000000000000e+00 1.668420503775644992e-01
1.700000000000000000e+01 2.497496201967954466e-01
9.000000000000000000e+00 2.439850575274468414e-01
0.000000000000000000e+00 1.223120817566902413e-01
2.400000000000000000e+01 2.110480238746020309e-01
1.800000000000000000e+01 2.569991540216676196e-01
3.600000000000000000e+01 5.136754462594398524e-02
1.300000000000000000e+01 2.955468021413489299e-01
3.600000000000000000e+01 2.349121546382197667e-02
3.500000000000000000e+01 5.056243950670600423e-02
2.100000000000000000e+01 1.642051853780280429e-02
0.000000000000000000e+00 1.414707850135452083e-01
3.500000000000000000e+01 1.013717688620244806e-01
4.900000000000000000e+01 2.222151120164821969e-01
0.000000000000000000e+00 1.534498240412658920e-01
3.000000000000000000e+01 1.315968703618476954e-01
2.200000000000000000e+01 2.752609598805267829e-02
2.300000000000000000e+01 2.314382490404281179e-01
0.000000000000000000e+00 1.343805801492997665e-01
4.000000000000000000e+00 2.153953565461680653e-01
0.000000000000000000e+00 9.362459035152710662e-02
2.100000000000000000e+01 9.219217157257815487e-02
3.800000000000000000e+01 2.370568507018796511e-01
4.200000000000000000e+01 1.565587098314888403e-01
4.800000000000000000e+01 1.590511059333576671e-01
6.000000000000000000e+00 1.708337593640366914e-01
0.000000000000000000e+00 1.896101494303138735e-01
4.800000000000000000e+01 1.629668018922955652e-01
4.200000000000000000e+01 1.710937213356038267e-01
1.800000000000000000e+01 1.862876889664019375e-01
4.200000000000000000e+01 1.468814558327879716e-01
3.100000000000000000e+01 1.407301909494123038e-01
2.200000000000000000e+01 4.527747522026975835e-03
0.000000000000000000e+00 9.393277528247753749e-02
1.000000000000000000e+01 1.005889588038816063e-01
4.900000000000000000e+01 2.641933808501928382e-01
4.200000000000000000e+01 5.779287969048224616e-01
3.200000000000000000e+01 4.799470479176463911e-02
4.500000000000000000e+01 7.751586680151863196e-02
2.300000000000000000e+01 2.765066175859305919e-01
0.000000000000000000e+00 6.627215606933540837e-01
1.600000000000000000e+01 1.198493567077071331e-01
1.600000000000000000e+01 1.500858927797894815e-01
4.200000000000000000e+01 1.101171596478135034e-01
4.200000000000000000e+01 9.894411196379829243e-02
4.200000000000000000e+01 1.445440638324105298e-01
4.200000000000000000e+01 1.490680258487333543e-01
0.000000000000000000e+00 1.086086658671613914e-01
2.000000000000000000e+00 8.474820498756006903e-02
2.100000000000000000e+01 2.759407893747151813e-02
3.400000000000000000e+01 1.794543582743756138e-01
2.100000000000000000e+01 4.478344484942219095e-02
2.100000000000000000e+01 2.906984379460418252e-02
0.000000000000000000e+00 1.540800330912872051e-01
2.100000000000000000e+01 2.032893939366655078e-01
2.100000000000000000e+01 4.456495985721246889e-02
3.400000000000000000e+01 2.001206435199991418e-01
0.000000000000000000e+00 1.569125501574639703e-01
4.200000000000000000e+01 9.358621346829119891e-02
0.000000000000000000e+00 2.597654113099018836e-01
3.900000000000000000e+01 1.678073688116429596e-01
2.100000000000000000e+01 9.012696389378475892e-02
3.900000000000000000e+01 1.840827209276967580e-01
1.000000000000000000e+00 1.658025153202103419e-01
4.200000000000000000e+01 5.251855184586646796e-01
2.000000000000000000e+00 1.927804826406960825e-01
4.000000000000000000e+00 2.100233124260947326e-01
7.000000000000000000e+00 1.745028832532249663e-01
0.000000000000000000e+00 1.507364779577462510e-01
4.500000000000000000e+01 7.612066083387246385e-02
0.000000000000000000e+00 6.642454039905956176e-01
1.600000000000000000e+01 1.289230517180547098e-01
4.200000000000000000e+01 9.487787773862413343e-02
4.200000000000000000e+01 1.123817690668258151e-01
1.600000000000000000e+01 1.447579573273826137e-01
0.000000000000000000e+00 1.059785327193863008e-01
4.200000000000000000e+01 1.469708796121013683e-01
4.200000000000000000e+01 1.448033307569172590e-01
2.000000000000000000e+00 9.535844672147490708e-02
3.400000000000000000e+01 2.016064646937057447e-01
2.100000000000000000e+01 2.700683162007713745e-02
3.800000000000000000e+01 1.068075218474280053e-01
3.800000000000000000e+01 1.133235442470212351e-01
2.100000000000000000e+01 2.778752963300528886e-02
0.000000000000000000e+00 1.481685655515563860e-01
2.100000000000000000e+01 4.851029313870320464e-02
2.100000000000000000e+01 1.944532655805152888e-01
3.900000000000000000e+01 1.566085501026419080e-01
5.000000000000000000e+00 8.838072418451087264e-02
2.000000000000000000e+00 2.098439820325762040e-01
2.100000000000000000e+01 8.916124059544612568e-02
1.000000000000000000e+00 1.826867380897444215e-01
4.200000000000000000e+01 1.189333157812076242e-01
3.900000000000000000e+01 1.887124733701436019e-01
4.000000000000000000e+00 2.506853028624281832e-01
2.000000000000000000e+00 2.941971261556994843e-01
1.700000000000000000e+01 1.295827287463033883e-01
0.000000000000000000e+00 1.484734504665728982e-01
4.500000000000000000e+01 7.819923822851600204e-02
2.300000000000000000e+01 2.904123906204477135e-01
0.000000000000000000e+00 6.678380703481705538e-01
2.000000000000000000e+01 1.902021399146184011e-01
1.600000000000000000e+01 1.522293335918752655e-01
4.200000000000000000e+01 1.025544693825088255e-01
4.200000000000000000e+01 9.605866165665623291e-02
4.200000000000000000e+01 1.410676005677194700e-01
0.000000000000000000e+00 1.069818823956821402e-01
4.200000000000000000e+01 1.399568490463229953e-01
2.000000000000000000e+00 9.606505468873477449e-02
3.400000000000000000e+01 1.962845508012319995e-01
3.800000000000000000e+01 1.109839804476524250e-01
3.900000000000000000e+01 1.654118481164520149e-01
2.100000000000000000e+01 3.006105980696247015e-02
2.100000000000000000e+01 4.792939294635478742e-02
0.000000000000000000e+00 1.521954138249171085e-01
2.100000000000000000e+01 2.957433426148588576e-02
2.100000000000000000e+01 1.911649665665473841e-01
3.400000000000000000e+01 1.722265236301316338e-01
2.100000000000000000e+01 3.292644275196499049e-02
0.000000000000000000e+00 2.799344098155002181e-01
2.100000000000000000e+01 9.216032203696752911e-02
3.900000000000000000e+01 2.035352242054519201e-01
1.000000000000000000e+00 2.089252031815387878e-01
0.000000000000000000e+00 1.153397956587557532e-01
1.600000000000000000e+01 2.328647615093375478e-01
4.200000000000000000e+01 1.635914288687347895e-01
2.000000000000000000e+00 2.833656065653819001e-01
1.700000000000000000e+01 1.096492533493381577e-01
4.500000000000000000e+01 7.716427650927604187e-02
2.000000000000000000e+01 1.875304439514741406e-01
0.000000000000000000e+00 6.684015609723977791e-01
4.200000000000000000e+01 9.899449739084227595e-02
4.200000000000000000e+01 1.055766916307830233e-01
1.600000000000000000e+01 1.388408964192124062e-01
0.000000000000000000e+00 1.084610177294483696e-01
4.200000000000000000e+01 1.309979234779194424e-01
4.200000000000000000e+01 1.679400490240300914e-01
4.200000000000000000e+01 1.701563152192362982e-01
2.100000000000000000e+01 2.930087155951128716e-02
3.400000000000000000e+01 2.382644016046117363e-01
0.000000000000000000e+00 1.501075412976079493e-01
2.100000000000000000e+01 2.869418620354846280e-02
2.100000000000000000e+01 4.949116995834978300e-02
2.100000000000000000e+01 1.932156892828311989e-01
2.100000000000000000e+01 2.899853755713058256e-02
3.900000000000000000e+01 1.631488744769659660e-01
3.400000000000000000e+01 1.831538463866888289e-01
4.200000000000000000e+01 1.303706421931574710e-01
1.600000000000000000e+01 2.298514331021177803e-01
2.100000000000000000e+01 9.206265424846168943e-02
2.000000000000000000e+00 1.939460083228750631e-01
1.000000000000000000e+00 2.112039480501836930e-01
0.000000000000000000e+00 2.782565208788210787e-01
2.000000000000000000e+00 2.767663896715664151e-01
3.000000000000000000e+00 1.804405374977557375e-01
1.700000000000000000e+01 1.050886983563841526e-01
4.000000000000000000e+00 2.461447967160362849e-01
